Date,Close,High,Low,Open,Volume,EMA_63_Volume
2022-05-24,536.35,568.9,467.5,495.2,14210358,14210358
2022-05-25,510.7,544.0,500.3,543.8,3810345,13885357
2022-05-26,499.8,518.8,495.0,508.0,913963,13480001
2022-05-27,541.55,547.3,505.1,505.5,1894346,13117949
2022-05-30,521.25,541.55,511.75,535.5,898144,12736080
2022-05-31,530.25,539.0,516.7,527.0,1268888,12377731
2022-06-01,535.65,540.0,523.25,527.0,371604,12002539
2022-06-02,570.45,617.35,536.05,537.65,5643844,11803830
2022-06-03,535.65,586.85,531.0,576.2,1888694,11493982
2022-06-06,510.2,541.0,506.05,538.95,2364548,11208687
2022-06-07,511.3,520.0,500.2,514.7,1122664,10893499
2022-06-08,517.4,526.95,511.05,516.7,933745,10582256
2022-06-09,522.0,533.95,509.0,509.0,692111,10273189
2022-06-10,519.4,523.4,510.7,511.0,262592,9960358
2022-06-13,502.4,510.4,490.0,500.0,372491,9660737
2022-06-14,500.2,504.95,492.8,501.0,494431,9374290
2022-06-15,498.55,504.85,490.55,504.2,1053969,9114280
2022-06-16,492.55,506.65,488.75,505.0,255921,8837456
2022-06-17,466.55,491.15,457.8,480.0,842273,8587607
2022-06-20,469.25,479.65,456.35,465.0,1917909,8379179
2022-06-21,513.65,530.0,457.0,464.0,569427,8135124
2022-06-22,504.0,517.0,498.1,515.1,279721,7889643
2022-06-23,500.7,514.0,487.2,505.0,628786,7662741
2022-06-24,492.1,514.0,488.65,509.9,818374,7448854
2022-06-27,491.4,506.2,488.85,500.0,315410,7225934
2022-06-28,501.95,505.0,488.95,491.0,279123,7008846
2022-06-29,504.75,507.95,490.1,490.1,212296,6796454
2022-06-30,506.8,514.5,499.25,504.0,510348,6600013
2022-07-01,500.95,505.0,495.0,504.0,80202,6396269
2022-07-04,505.95,508.8,496.05,498.0,326557,6206591
2022-07-05,507.55,512.2,504.85,510.0,269200,6021047
2022-07-06,524.3,529.8,506.05,507.6,818454,5858466
2022-07-07,595.3,615.0,523.05,528.6,3777107,5793424
2022-07-08,595.25,628.7,575.5,604.0,2776856,5699156
2022-07-11,590.9,607.95,584.85,593.0,506731,5536893
2022-07-12,616.25,621.0,586.25,588.05,1042265,5396436
2022-07-13,599.75,628.0,595.3,622.75,920449,5256561
2022-07-14,598.25,608.9,591.9,604.0,511494,5108278
2022-07-15,605.1,610.85,594.3,595.0,316950,4958549
2022-07-18,592.8,608.0,589.85,607.0,590792,4822056
2022-07-19,635.55,645.0,591.6,592.8,1878635,4730074
2022-07-20,675.1,683.0,640.1,643.9,2938732,4674095
2022-07-21,699.2,708.0,662.1,666.95,2398380,4602979
2022-07-22,668.6,706.2,664.05,704.9,894054,4487075
2022-07-25,661.35,675.0,642.65,668.5,578397,4364929
2022-07-26,622.4,661.35,615.8,661.35,702402,4250475
2022-07-27,646.0,655.0,605.55,619.0,994513,4148726
2022-07-28,627.5,656.8,621.0,649.9,627543,4038689
2022-07-29,635.0,642.65,617.55,631.5,624177,3931985
2022-08-01,631.6,649.9,625.05,641.5,368778,3820635
2022-08-02,619.8,637.45,615.55,629.0,373759,3712920
2022-08-03,609.45,624.7,601.0,622.65,427470,3610250
2022-08-04,621.65,648.7,610.05,612.75,1121462,3532475
2022-08-05,633.7,645.3,615.3,621.8,1027433,3454193
2022-08-08,642.3,658.0,626.1,636.9,513854,3362307
2022-08-10,599.8,621.95,583.6,597.0,1639871,3308481
2022-08-11,563.25,600.0,509.8,600.0,1364377,3247728
2022-08-12,555.25,581.85,550.0,565.0,747953,3169610
2022-08-16,557.6,565.0,553.55,562.0,509944,3086495
2022-08-17,562.45,572.95,550.0,556.0,822870,3015757
2022-08-18,560.1,572.0,558.05,566.0,690353,2943088
2022-08-19,569.8,575.0,559.0,562.95,1253295,2890282
2022-08-22,559.3,573.8,553.25,568.85,1062385,2833160
2022-08-23,557.6,569.85,554.0,559.3,443299,2758477
2022-08-24,560.8,565.95,557.0,557.85,125246,2676188
2022-08-25,555.45,570.0,550.0,566.0,204597,2598951
2022-08-26,558.6,580.0,550.15,571.0,763064,2541580
2022-08-29,562.45,568.0,551.0,554.95,229976,2469342
2022-08-30,568.9,585.2,565.1,569.8,1044817,2424826
2022-09-01,569.9,575.0,568.0,572.0,259828,2357169
2022-09-02,564.35,575.0,561.5,574.0,140170,2287888
2022-09-05,565.65,570.0,560.2,568.65,327894,2226638
2022-09-06,571.75,580.0,567.1,575.0,405078,2169715
2022-09-07,573.5,587.0,563.75,571.75,756210,2125543
2022-09-08,568.8,577.3,559.0,573.5,200157,2065374
2022-09-09,568.5,574.05,566.1,569.9,199743,2007073
2022-09-12,572.8,583.5,568.05,571.0,189845,1950285
2022-09-13,575.5,584.05,572.0,576.95,276969,1897994
2022-09-14,594.0,604.7,570.0,570.0,780906,1863085
2022-09-15,579.95,607.65,577.0,607.0,435074,1818459
2022-09-16,581.25,589.7,576.05,580.0,363430,1772990
2022-09-19,575.55,585.25,571.0,581.0,149912,1722268
2022-09-20,581.35,588.9,576.3,588.9,292812,1677598
2022-09-21,592.6,598.75,580.85,585.15,409270,1637963
2022-09-22,587.3,593.0,579.55,590.0,505411,1602570
2022-09-23,584.7,590.75,578.0,587.0,241651,1560042
2022-09-26,564.05,593.05,560.0,584.7,353894,1522350
2022-09-27,570.1,576.0,564.05,564.05,102658,1477984
2022-09-28,571.15,577.95,565.0,569.5,54379,1433496
2022-09-29,577.15,585.0,571.0,585.0,317406,1398619
2022-09-30,582.9,584.9,576.45,582.45,91067,1357758
2022-10-03,567.25,582.85,562.25,582.85,383060,1327298
2022-10-04,593.9,603.95,550.0,550.0,366408,1297270
2022-10-06,596.65,608.7,590.75,593.9,285475,1265652
2022-10-07,601.4,605.0,593.2,596.4,104089,1229353
2022-10-10,575.55,595.05,571.75,593.0,104165,1194191
2022-10-11,556.35,579.9,553.3,579.9,160516,1161889
2022-10-12,562.7,564.95,553.7,560.8,142640,1130037
2022-10-13,560.2,566.95,556.65,565.7,43595,1096086
2022-10-14,561.05,569.2,558.1,562.0,316574,1071726
2022-10-17,548.95,564.4,533.1,561.1,1216159,1076239
2022-10-18,555.6,570.0,547.55,555.0,1462034,1088295
2022-10-19,559.25,565.0,555.75,560.0,92133,1057165
2022-10-20,471.15,555.85,463.85,555.0,2160757,1091653
2022-10-21,385.75,478.7,376.95,474.95,16084743,1560187
2022-10-24,399.2,406.95,386.0,388.95,944062,1540933
2022-10-25,383.4,402.0,378.0,402.0,3647705,1606769
2022-10-27,370.3,390.4,366.0,382.9,1657868,1608366
2022-10-28,355.45,375.0,350.0,375.0,2229869,1627788
2022-10-31,344.2,357.0,341.3,355.0,1783658,1632659
2022-11-01,378.6,378.6,344.2,345.0,2387886,1656260
2022-11-02,379.45,387.35,367.55,384.85,1130018,1639815
2022-11-03,385.2,390.35,378.0,379.05,589280,1606986
2022-11-04,397.0,401.2,384.05,386.0,670382,1577717
2022-11-07,395.05,403.4,387.4,400.0,639511,1548398
2022-11-09,393.35,403.05,385.0,403.0,292529,1509152
2022-11-10,375.4,390.9,370.3,390.9,504330,1477751
2022-11-11,379.2,385.2,377.0,383.0,1099903,1465943
2022-11-14,370.35,390.0,369.1,390.0,788487,1444773
2022-11-15,374.55,379.4,369.15,374.9,518959,1415841
2022-11-16,374.55,380.0,372.1,376.0,688519,1393112
2022-11-17,367.3,378.0,366.05,372.55,479297,1364556
2022-11-18,350.7,366.9,346.2,365.0,867668,1349028
2022-11-21,344.55,372.0,329.9,372.0,19972322,1931006
2022-11-22,334.9,346.45,331.4,344.0,3089093,1967196
2022-11-23,326.2,340.0,317.0,340.0,6081103,2095756
2022-11-24,329.95,335.95,326.3,333.0,1680742,2082786
2022-11-25,331.7,336.0,330.0,331.0,3881472,2138995
2022-11-28,321.05,331.5,319.8,331.5,2583143,2152875
2022-11-29,336.55,344.2,306.0,322.25,9587048,2385193
2022-11-30,335.45,340.0,332.0,335.5,2227659,2380270
2022-12-01,339.4,347.2,333.0,339.8,3763898,2423508
2022-12-02,348.8,350.0,338.9,339.4,3727851,2464269
2022-12-05,354.3,362.8,350.8,351.05,3288502,2490026
2022-12-06,345.65,352.8,343.8,352.0,1915251,2472064
2022-12-07,334.45,352.35,332.1,349.85,1623899,2445559
2022-12-08,338.5,341.75,336.75,338.0,632497,2388901
2022-12-09,352.05,356.25,340.3,340.9,4887026,2466967
2022-12-12,364.7,368.1,349.5,350.0,4406308,2527572
2022-12-13,367.55,379.5,360.95,366.0,3107934,2545708
2022-12-14,365.9,374.2,363.0,370.0,1268127,2505784
2022-12-15,363.75,369.7,359.8,365.5,781823,2451910
2022-12-16,363.75,374.7,345.95,370.3,8035531,2626398
2022-12-19,353.25,361.35,351.5,360.65,684933,2565727
2022-12-20,348.15,357.95,346.4,355.0,557144,2502959
2022-12-21,336.55,352.95,331.3,352.0,663015,2445461
2022-12-22,330.55,344.0,326.05,344.0,515025,2385135
2022-12-23,319.9,328.7,315.05,327.0,538505,2327427
2022-12-26,324.75,328.7,317.05,320.45,301447,2264115
2022-12-27,329.1,331.95,325.05,329.0,281573,2202161
2022-12-28,329.15,334.3,326.85,329.0,268004,2141719
2022-12-29,332.55,334.75,327.05,327.7,280356,2083551
2022-12-30,331.45,338.7,330.1,335.55,172591,2023833
2023-01-02,331.9,334.0,330.0,332.0,128294,1964598
2023-01-03,337.45,339.0,330.65,331.8,337003,1913736
2023-01-04,327.0,338.45,324.75,338.0,937200,1883219
2023-01-05,326.05,331.0,324.0,328.5,333469,1834789
2023-01-06,320.8,326.0,319.0,326.0,1276326,1817337
2023-01-09,325.45,327.7,321.2,323.95,748481,1783935
2023-01-10,324.35,327.6,321.3,327.0,170690,1733521
2023-01-11,321.2,326.55,318.9,325.9,200948,1685628
2023-01-12,315.65,322.7,311.0,321.4,431137,1646426
2023-01-13,309.9,315.7,306.0,315.0,4178484,1725552
2023-01-16,320.45,326.0,313.0,313.0,1118275,1706575
2023-01-17,318.1,322.55,313.0,322.0,410440,1666071
2023-01-18,307.55,319.5,307.0,319.4,1547222,1662357
2023-01-19,303.6,307.95,299.55,307.55,771603,1634521
2023-01-20,306.2,309.5,299.7,304.0,915990,1612067
2023-01-23,324.75,328.4,307.9,308.4,1831023,1618909
2023-01-24,312.35,325.0,310.6,324.75,673902,1589377
2023-01-25,306.45,316.95,305.0,310.2,515322,1555813
2023-01-27,306.05,309.85,291.0,308.0,3077575,1603368
2023-01-30,296.15,307.1,295.0,305.9,1033026,1585545
2023-01-31,301.9,303.75,295.9,303.0,599557,1554733
2023-02-01,305.0,307.4,298.8,303.95,1012247,1537780
2023-02-02,306.1,310.95,299.05,299.05,473346,1504517
2023-02-03,303.25,307.4,294.5,306.95,608445,1476514
2023-02-06,317.45,320.35,302.4,303.0,908942,1458778
2023-02-07,319.7,322.25,314.25,317.95,804349,1438327
2023-02-08,321.3,326.0,311.0,320.1,1960838,1454655
2023-02-09,318.25,325.85,316.05,321.25,1439019,1454167
2023-02-10,315.45,320.85,303.0,320.05,1195770,1446092
2023-02-13,318.5,320.6,298.1,298.45,3507072,1510497
2023-02-14,318.95,320.5,314.05,319.0,440251,1477052
2023-02-15,319.9,322.5,316.7,316.7,598595,1449600
2023-02-16,328.2,332.0,318.55,321.0,2104813,1470076
2023-02-17,328.2,332.95,319.3,327.9,1288183,1464391
2023-02-20,339.8,344.5,325.0,329.85,3149560,1517053
2023-02-21,348.9,358.5,340.1,340.1,4487971,1609894
2023-02-22,335.9,347.7,334.5,347.0,16149472,2064256
2023-02-23,345.7,351.9,335.3,336.35,5594430,2174574
2023-02-24,350.15,355.75,342.85,345.7,2664314,2189878
2023-02-27,345.3,351.75,339.4,350.15,1607273,2171672
2023-02-28,345.6,350.2,338.85,346.05,7899730,2350674
2023-03-01,348.15,350.0,337.05,345.0,1752906,2331993
2023-03-02,340.8,349.5,338.0,348.7,1952700,2320140
2023-03-03,341.05,344.0,339.1,340.8,978871,2278226
2023-03-06,336.35,344.15,332.7,341.2,812424,2232419
2023-03-08,331.75,338.95,330.75,338.05,1623814,2213400
2023-03-09,333.15,335.3,322.6,331.75,1041319,2176773
2023-03-10,323.6,332.75,317.0,332.75,1573269,2157913
2023-03-13,331.9,337.0,320.05,323.8,1610800,2140816
2023-03-14,329.25,334.0,322.1,330.6,937919,2103226
2023-03-15,337.2,339.9,327.6,329.25,821382,2063168
2023-03-16,331.35,336.0,327.1,335.0,1451678,2044059
2023-03-17,322.1,332.85,315.35,331.35,22579605,2685795
2023-03-20,327.05,329.0,317.75,320.45,1294211,2642308
2023-03-21,328.9,333.3,325.05,326.55,557394,2577154
2023-03-22,329.95,339.1,325.1,330.55,1028724,2528766
2023-03-23,325.7,334.7,321.0,327.7,981086,2480401
2023-03-24,323.65,328.4,320.6,325.0,1009908,2434448
2023-03-27,327.5,333.7,323.35,323.65,1158613,2394578
2023-03-28,317.0,327.5,314.1,326.05,444572,2333640
2023-03-29,326.95,330.7,314.1,317.0,691667,2282328
2023-03-31,331.65,343.4,323.1,326.95,1203114,2248603
2023-04-03,329.55,334.95,325.2,331.65,979321,2208938
2023-04-05,324.4,330.9,322.0,329.0,304650,2149429
2023-04-06,327.2,333.0,324.1,324.65,1508229,2129391
2023-04-10,327.95,332.7,324.05,327.2,1619284,2113451
2023-04-11,331.05,339.9,327.65,327.95,3559538,2158641
2023-04-12,329.95,337.55,329.0,331.5,2336783,2164208
2023-04-13,325.0,331.65,324.0,329.95,459903,2110948
2023-04-17,323.2,326.45,321.65,325.0,648651,2065251
2023-04-18,330.15,333.4,323.25,323.25,1101383,2035130
2023-04-19,327.8,334.0,326.65,330.15,2188500,2039923
2023-04-20,337.1,342.1,327.8,329.8,2045981,2040113
2023-04-21,357.25,363.5,335.05,337.15,5079234,2135085
2023-04-24,353.75,358.9,343.85,348.9,1805773,2124794
2023-04-25,362.6,366.0,351.05,353.5,1303856,2099140
2023-04-26,370.45,375.45,361.15,362.55,2730852,2118881
2023-04-27,378.1,382.75,365.25,370.45,5061737,2210845
2023-04-28,374.4,380.25,371.05,378.25,622665,2161214
2023-05-02,364.6,374.35,363.0,374.0,1199097,2131148
2023-05-03,363.9,370.8,361.7,365.0,1084319,2098435
2023-05-04,364.6,366.0,357.0,365.95,438470,2046561
2023-05-05,355.65,365.1,351.0,365.1,393285,1994896
2023-05-08,372.05,377.0,356.1,357.55,876707,1959952
2023-05-09,375.05,384.95,372.2,375.0,961609,1928754
2023-05-10,370.35,377.65,367.15,375.05,214552,1875185
2023-05-11,361.35,372.7,359.3,372.7,261126,1824746
2023-05-12,362.05,365.6,359.05,363.3,229618,1774898
2023-05-15,367.65,369.9,356.5,356.5,196859,1725585
2023-05-16,367.05,377.5,363.0,367.65,1985596,1733710
2023-05-17,362.15,367.7,356.0,367.05,468317,1694166
2023-05-18,365.6,371.05,362.35,364.85,360174,1652479
2023-05-19,361.35,374.95,357.3,367.95,242482,1608417
2023-05-22,361.85,370.0,348.1,350.0,709850,1580336
2023-05-23,360.15,368.8,352.0,363.55,282985,1539794
2023-05-24,363.05,363.85,357.0,360.0,314329,1501498
2023-05-25,363.55,365.15,359.15,363.0,724709,1477224
2023-05-26,371.65,373.5,361.3,363.0,654189,1451504
2023-05-29,369.95,373.85,367.45,373.85,279537,1414880
2023-05-30,365.7,374.0,363.05,364.3,1397902,1414349
2023-05-31,349.2,364.5,347.05,364.0,2375450,1444384
2023-06-01,355.4,357.75,350.05,352.0,1085250,1433161
2023-06-02,350.7,357.15,348.4,355.8,790270,1413070
2023-06-05,355.75,363.0,352.8,354.0,852619,1395556
2023-06-06,354.7,361.0,353.0,355.8,1211749,1389812
2023-06-07,358.15,362.85,355.0,355.0,702391,1368330
2023-06-08,354.55,360.6,352.5,360.6,440343,1339331
2023-06-09,349.75,357.5,345.15,357.0,373274,1309141
2023-06-12,382.7,399.9,349.35,349.9,15208976,1743511
2023-06-13,383.2,387.65,378.6,381.9,2770685,1775610
2023-06-14,383.7,393.0,379.2,385.2,1569908,1769182
2023-06-15,382.55,395.05,380.15,384.4,1290297,1754217
2023-06-16,385.55,388.25,380.3,382.6,1180869,1736300
2023-06-19,391.7,401.95,379.95,384.8,3376287,1787549
2023-06-20,389.1,394.25,384.1,394.25,802898,1756779
2023-06-21,388.6,394.0,383.55,389.3,817075,1727413
2023-06-22,385.05,416.25,380.0,403.0,8550619,1940638
2023-06-23,373.0,385.85,368.6,385.0,2020194,1943125
2023-06-26,379.6,383.5,364.5,370.3,3613357,1995319
2023-06-27,381.7,386.0,378.55,383.0,1534859,1980930
2023-06-28,386.85,392.25,379.85,383.0,1507281,1966128
2023-06-30,381.05,394.45,380.0,391.15,1994117,1967003
2023-07-03,390.9,392.45,378.5,383.6,1630794,1956496
2023-07-04,393.6,399.75,390.55,393.0,2510636,1973813
2023-07-05,391.9,393.45,386.4,388.25,2402179,1987200
2023-07-06,390.1,394.0,387.95,391.0,2397664,2000027
2023-07-07,393.6,399.95,390.1,390.1,2367140,2011499
2023-07-10,398.7,407.2,397.05,397.85,2072834,2013416
2023-07-11,397.9,403.9,393.55,403.9,776710,1974769
2023-07-12,393.3,398.7,389.1,398.7,929506,1942104
2023-07-13,399.25,404.9,395.1,396.75,2735581,1966900
2023-07-14,415.2,418.8,395.2,403.15,3533009,2015841
2023-07-17,411.7,423.25,408.05,417.65,1352619,1995115
2023-07-18,406.05,416.65,402.95,413.9,1315836,1973888
2023-07-19,404.4,408.7,401.8,406.4,575068,1930175
2023-07-20,419.15,422.0,403.1,407.4,1959421,1931089
2023-07-21,406.0,416.85,405.0,416.85,916495,1899383
2023-07-24,398.35,407.8,396.2,406.05,772810,1864177
2023-07-25,412.95,414.35,400.1,401.0,1285959,1846108
2023-07-26,407.2,415.55,404.8,414.0,799801,1813411
2023-07-27,402.1,409.05,400.3,409.0,597177,1775403
2023-07-28,401.85,405.8,399.7,402.7,954044,1749736
2023-07-31,399.15,404.7,397.35,403.9,794499,1719885
2023-08-01,401.9,410.0,399.15,399.15,884224,1693770
2023-08-02,401.45,413.0,394.65,402.8,2542046,1720279
2023-08-03,398.2,401.1,396.25,401.05,1147579,1702382
2023-08-04,420.75,423.95,399.1,400.0,3586674,1761266
2023-08-07,413.7,424.9,409.0,424.9,3666976,1820820
2023-08-08,411.25,417.35,409.0,413.7,996323,1795054
2023-08-09,422.5,424.4,411.75,412.0,1836484,1796349
2023-08-10,420.65,437.0,418.0,425.0,4037426,1866382
2023-08-11,421.05,430.0,419.05,422.0,1345550,1850106
2023-08-14,415.2,420.0,412.25,420.0,922665,1821124
2023-08-16,420.1,422.6,412.5,415.0,950036,1793902
2023-08-17,423.35,426.4,419.35,422.0,976976,1768373
2023-08-18,419.9,423.9,417.1,423.0,1135734,1748603
2023-08-21,407.4,426.4,405.5,426.4,1431035,1738679
2023-08-22,410.75,414.05,406.15,407.85,890675,1712179
2023-08-23,416.15,418.95,410.1,413.9,697353,1680466
2023-08-24,414.1,418.4,411.5,418.0,890871,1655791
2023-08-25,413.45,424.55,409.1,412.0,1074631,1637630
2023-08-28,423.3,425.1,411.05,417.0,1786021,1642267
2023-08-29,419.85,425.95,414.25,424.0,587519,1609306
2023-08-30,430.4,434.45,419.0,419.0,1618572,1609596
2023-08-31,437.5,445.0,427.25,429.9,5261293,1723711
2023-09-01,438.15,442.3,433.1,435.15,713691,1692148
2023-09-04,445.95,450.0,435.5,438.0,1458088,1684834
2023-09-05,440.05,452.4,435.5,450.0,998888,1663398
2023-09-06,434.7,443.8,428.35,440.0,1413049,1655574
2023-09-07,443.4,447.5,434.8,435.0,1045440,1636508
2023-09-08,437.4,446.7,436.0,446.5,667704,1606233
2023-09-11,434.1,440.0,431.9,437.6,717259,1578452
2023-09-12,418.35,437.05,409.8,435.2,1312785,1570150
2023-09-13,430.15,433.0,419.65,422.3,937840,1550390
2023-09-14,435.0,444.0,429.95,430.0,1026084,1534006
2023-09-15,439.25,444.8,434.1,436.9,1305881,1526877
2023-09-18,427.5,439.45,426.0,439.45,502372,1494861
2023-09-20,430.95,435.0,413.05,416.95,1159634,1484385
2023-09-21,429.9,442.0,425.7,430.05,1074738,1471584
2023-09-22,430.25,432.75,427.0,429.0,464925,1440126
2023-09-25,421.1,430.25,419.95,430.25,607639,1414110
2023-09-26,415.5,422.95,413.75,420.05,920243,1398677
2023-09-27,418.75,420.5,408.0,416.0,724186,1377599
2023-09-28,421.7,424.0,416.35,420.0,592059,1353051
2023-09-29,412.7,421.7,410.6,421.7,1295623,1351256
2023-10-03,412.5,421.95,410.55,415.0,689596,1330579
2023-10-04,410.0,413.95,406.2,411.2,1425429,1333543
2023-10-05,410.95,416.4,409.0,412.0,212462,1298510
2023-10-06,411.0,414.9,409.65,412.2,280100,1266684
2023-10-09,409.4,413.9,403.0,408.55,432979,1240631
2023-10-10,433.6,435.95,410.95,410.95,1860230,1259993
2023-10-11,439.1,449.0,434.1,438.95,2836899,1309272
2023-10-12,428.85,442.95,427.1,442.95,492509,1283748
2023-10-13,426.3,429.9,423.25,426.55,585564,1261930
2023-10-16,425.1,428.6,422.65,422.65,609677,1241547
2023-10-17,425.2,426.6,424.5,425.1,386727,1214834
2023-10-18,425.6,430.0,421.1,425.2,1253119,1216030
2023-10-19,429.4,431.0,415.0,422.0,987653,1208893
2023-10-20,429.3,434.7,425.35,429.4,481152,1186151
2023-10-23,415.5,428.95,412.6,426.55,579783,1167202
2023-10-25,420.95,423.4,401.55,415.0,1358182,1173170
2023-10-26,406.45,419.0,404.05,419.0,595705,1155125
2023-10-27,421.15,422.9,407.0,407.0,394200,1131346
2023-10-30,420.15,427.95,416.0,419.0,557285,1113406
2023-10-31,413.35,430.5,410.25,422.0,894090,1106553
2023-11-01,402.6,412.0,401.0,412.0,613323,1091139
2023-11-02,401.25,409.4,399.05,404.5,570118,1074857
2023-11-03,402.25,407.7,401.1,404.0,380356,1053154
2023-11-06,403.15,409.5,397.2,399.0,980350,1050879
2023-11-07,409.0,411.0,403.05,403.05,321417,1028083
2023-11-08,409.65,412.6,405.7,409.05,371309,1007559
2023-11-09,407.05,411.0,404.45,409.05,215728,982814
2023-11-10,408.15,410.9,405.7,406.95,214966,958819
2023-11-13,404.4,408.15,403.6,407.1,181941,934542
2023-11-15,411.35,412.95,400.6,408.0,926172,934280
2023-11-16,413.85,419.55,410.15,411.35,1032464,937348
2023-11-17,399.75,406.85,398.5,406.85,21741125,1587466
2023-11-20,396.7,403.0,394.3,400.55,3012515,1631999
2023-11-21,399.7,400.7,395.75,400.7,959503,1610983
2023-11-22,385.7,399.55,383.0,398.95,4806072,1710830
2023-11-23,383.35,388.85,380.1,385.6,1555776,1705984
2023-11-24,383.1,392.3,379.95,385.0,1167793,1689166
2023-11-28,385.1,387.8,380.15,385.0,898850,1664469
2023-11-29,390.45,391.95,384.05,385.1,1078049,1646143
2023-11-30,391.15,394.9,385.65,391.0,1369474,1637497
2023-12-01,397.45,400.0,391.2,393.15,1439914,1631323
2023-12-04,399.65,400.0,393.4,400.0,1092902,1614497
2023-12-05,393.5,402.5,391.25,399.05,675103,1585141
2023-12-06,382.95,400.0,379.55,397.9,1222192,1573799
2023-12-07,386.75,388.45,383.1,383.8,807152,1549841
2023-12-08,384.85,392.0,383.1,390.0,2819267,1589510
2023-12-11,384.9,390.5,383.05,386.95,819574,1565450
2023-12-12,373.9,386.65,372.0,385.0,809660,1541832
2023-12-13,375.1,379.05,361.75,376.9,1843286,1551252
2023-12-14,369.35,378.4,368.5,377.0,1402988,1546619
2023-12-15,358.05,373.8,354.2,373.8,3367018,1603506
2023-12-18,359.95,364.0,355.3,361.25,3515122,1663244
2023-12-19,363.95,368.0,360.2,363.6,1893547,1670441
2023-12-20,365.35,378.1,363.25,368.15,2889310,1708531
2023-12-21,387.95,389.8,360.35,364.0,3715076,1771235
2023-12-22,387.45,396.05,384.05,391.0,1878970,1774602
2023-12-26,387.4,397.5,386.1,390.0,986342,1749969
2023-12-27,383.35,390.35,381.25,388.95,734369,1718231
2023-12-28,384.2,390.0,377.5,387.3,924279,1693420
2023-12-29,389.25,393.0,384.2,384.2,1181116,1677411
2024-01-01,384.35,393.9,382.55,392.4,644267,1645125
2024-01-02,388.55,389.0,381.35,384.95,1000156,1624970
2024-01-03,397.0,404.4,389.5,389.95,3135290,1672167
2024-01-04,404.0,405.0,397.9,403.5,1886025,1678850
2024-01-05,403.25,407.65,401.0,406.95,1811978,1683010
2024-01-08,402.15,404.8,400.85,404.8,3337920,1734726
2024-01-09,398.45,403.9,395.1,403.0,986752,1711352
2024-01-10,422.2,424.0,398.6,400.0,5903849,1842368
2024-01-11,412.05,426.4,408.45,425.5,2060879,1849196
2024-01-12,410.45,415.65,406.1,412.95,923353,1820264
2024-01-15,410.45,410.45,410.45,410.45,0,1763380
2024-01-16,409.75,411.15,403.5,410.15,752562,1731792
2024-01-17,403.95,410.45,402.5,406.05,432307,1691183
2024-01-18,400.45,405.6,392.0,403.0,1106487,1672911
2024-01-19,397.15,405.0,395.85,405.0,750711,1644093
2024-01-23,390.25,403.55,388.8,401.2,506819,1608553
2024-01-24,400.2,400.75,382.5,392.9,1914439,1618112
2024-01-25,401.3,404.95,397.05,399.05,589068,1585954
2024-01-29,427.85,433.0,406.05,410.0,5996220,1723775
2024-01-30,427.95,434.45,423.65,430.0,3356336,1774792
2024-01-31,449.45,454.95,430.0,430.0,14931414,2185937
2024-02-01,468.85,473.9,447.5,453.0,6065034,2307159
2024-02-02,473.15,477.8,461.0,475.0,6280434,2431323
2024-02-05,456.0,488.0,451.35,472.0,9783058,2661065
2024-02-06,465.1,470.4,434.2,460.0,5212016,2740782
2024-02-07,470.25,476.8,462.25,468.75,3413089,2761792
2024-02-08,456.7,471.0,453.4,470.45,2008463,2738250
2024-02-09,440.5,460.35,435.05,460.0,1960175,2713936
2024-02-12,419.4,447.8,412.2,440.5,1477336,2675292
2024-02-13,438.45,440.0,418.0,419.7,1257606,2630989
2024-02-14,444.4,447.8,421.0,434.9,1072928,2582300
2024-02-15,461.95,464.8,444.55,444.55,3009887,2595662
2024-02-16,454.45,469.95,451.0,464.0,1057576,2547597
2024-02-19,467.6,479.85,457.25,459.0,3965875,2591918
2024-02-20,472.05,476.45,467.85,469.95,2847020,2599890
2024-02-21,472.85,478.0,462.95,472.05,3063023,2614363
2024-02-22,463.6,473.8,455.0,472.85,1237435,2571334
2024-02-23,454.35,465.05,448.0,463.6,1683583,2543591
2024-02-26,458.5,461.15,453.2,457.0,864065,2491106
2024-02-27,470.7,485.0,458.0,458.5,6338421,2611335
2024-02-28,472.65,484.0,466.55,483.0,6127254,2721207
2024-02-29,473.1,480.0,466.05,472.95,6389749,2835849
2024-03-01,465.3,478.4,461.0,473.95,9863210,3055454
2024-03-04,458.65,473.95,455.0,472.05,2792081,3047224
2024-03-05,465.55,467.5,452.85,463.2,1835458,3009356
2024-03-06,459.25,465.55,445.0,465.5,2124391,2981701
2024-03-07,459.05,463.55,454.05,459.25,1379359,2931628
2024-03-11,456.55,467.95,451.4,464.9,2863365,2929494
2024-03-12,448.05,454.2,441.1,453.0,830741,2863908
2024-03-13,423.45,444.35,417.3,444.35,2246414,2844612
2024-03-14,446.0,448.75,415.05,420.05,1046606,2788424
2024-03-15,437.85,454.95,433.5,440.05,1392276,2744794
2024-03-18,445.45,448.0,436.05,436.05,450129,2673086
2024-03-19,450.45,452.55,438.4,445.45,805931,2614737
2024-03-20,463.5,469.9,450.15,453.0,3143034,2631247
2024-03-21,459.0,475.8,455.55,468.95,2230560,2618725
2024-03-22,464.55,465.5,460.3,462.1,432603,2550409
2024-03-26,456.95,465.65,438.85,463.1,3562104,2582024
2024-03-27,458.7,469.45,450.3,461.0,2434023,2577399
2024-03-28,445.55,462.0,443.1,460.1,4231370,2629086
2024-04-01,449.65,451.75,438.75,448.9,2007159,2609651
2024-04-02,450.05,454.85,440.2,449.0,3411753,2634716
2024-04-03,450.1,456.7,445.0,450.05,1513999,2599694
2024-04-04,459.95,462.0,448.0,450.7,2171361,2586308
2024-04-05,463.35,467.95,458.65,462.95,1430194,2550180
2024-04-08,455.0,465.75,452.9,464.95,1922757,2530573
2024-04-09,445.4,458.0,442.25,456.2,5089037,2610525
2024-04-10,450.2,452.1,441.35,449.0,1156054,2565073
2024-04-12,464.5,478.0,449.95,450.0,7096364,2706675
2024-04-15,455.75,463.05,446.3,463.05,1813564,2678766
2024-04-16,453.7,464.4,451.95,453.1,1592724,2644827
2024-04-18,451.55,469.5,448.0,454.0,2250487,2632504
2024-04-19,453.3,454.85,444.05,446.1,1087730,2584230
2024-04-22,450.1,461.25,447.0,456.95,1301530,2544145
2024-04-23,448.4,458.0,444.25,451.95,883174,2492240
2024-04-24,448.65,464.4,448.0,464.35,2320047,2486859
2024-04-25,459.25,468.8,443.7,454.05,2679455,2492877
2024-04-26,457.65,464.8,455.45,464.45,908682,2443371
2024-04-29,450.15,460.45,449.1,459.9,920499,2395781
2024-04-30,449.0,452.95,447.3,450.15,1117715,2355842
2024-05-02,450.25,456.3,447.0,451.0,1338180,2324040
2024-05-03,456.85,461.95,450.55,450.9,2839904,2340161
2024-05-06,450.0,457.8,448.0,455.7,670956,2287998
2024-05-07,447.25,453.95,436.05,450.0,1826902,2273589
2024-05-08,453.5,455.95,445.3,447.0,526902,2219005
2024-05-09,444.6,453.25,440.45,450.75,456870,2163938
2024-05-10,453.3,455.65,443.3,444.8,916040,2124941
2024-05-13,450.1,457.95,441.9,454.75,677913,2079722
2024-05-14,453.55,457.1,448.15,450.1,369474,2026276
2024-05-15,449.0,458.95,444.0,456.0,1059467,1996064
2024-05-16,450.3,455.9,447.05,449.95,906119,1962003
2024-05-17,453.75,460.95,448.2,452.0,1715487,1954299
2024-05-21,389.75,434.0,383.25,434.0,14514155,2346795
2024-05-22,403.45,406.0,383.45,396.05,7735990,2515207
2024-05-23,404.05,408.0,394.8,408.0,3253750,2538286
2024-05-24,404.95,405.95,397.1,404.05,2481506,2536512
2024-05-27,413.9,415.0,400.75,406.95,1681537,2509794
2024-05-28,416.6,420.0,409.15,410.15,1692630,2484258
2024-05-29,403.0,418.25,400.55,418.25,1537078,2454658
2024-05-30,392.8,404.95,391.0,402.5,1056960,2410980
2024-05-31,385.1,397.7,380.1,395.4,3325964,2439573
2024-06-03,389.95,399.0,389.0,399.0,1473107,2409371
2024-06-04,360.45,390.95,355.2,390.55,3822206,2453522
2024-06-05,378.4,380.55,358.0,365.85,2210716,2445935
2024-06-06,382.25,387.65,381.5,383.9,2989987,2462936
2024-06-07,385.5,389.0,382.5,383.1,1242470,2424797
2024-06-10,390.1,396.7,386.15,390.55,1240148,2387776
2024-06-11,386.0,394.9,384.2,394.9,1291365,2353514
2024-06-12,388.65,393.95,386.15,390.0,1064641,2313236
2024-06-13,393.4,395.5,387.5,394.0,2220747,2310346
2024-06-14,406.45,411.0,393.05,394.0,4059146,2364996
2024-06-18,398.75,409.4,396.15,406.9,2235588,2360952
2024-06-19,400.35,406.45,394.0,400.0,2535998,2366422
2024-06-20,400.45,406.85,398.25,404.85,3358655,2397429
2024-06-21,399.15,404.6,395.4,404.6,1243049,2361355
2024-06-24,392.45,398.0,389.1,398.0,1395681,2331178
2024-06-25,395.95,397.75,392.5,397.0,1227436,2296686
2024-06-26,398.15,402.7,395.1,396.0,3449588,2332714
2024-06-27,400.1,405.75,396.85,398.8,3417305,2366607
2024-06-28,400.15,401.35,396.65,399.65,2002593,2355232
2024-07-01,399.85,403.0,398.05,400.15,1134672,2317089
2024-07-02,398.05,401.85,396.1,401.0,1188718,2281828
2024-07-03,399.4,401.0,396.85,401.0,1147716,2246387
2024-07-04,398.25,399.7,395.2,399.0,3049295,2271478
2024-07-05,395.55,403.0,394.1,403.0,1960552,2261761
2024-07-08,394.45,397.8,389.05,397.45,1771791,2246450
2024-07-09,391.8,399.95,389.5,391.1,2701114,2260658
2024-07-10,387.85,403.65,386.05,396.05,5241819,2353819
2024-07-11,377.0,390.45,376.0,389.95,5152007,2441262
2024-07-12,378.4,379.95,375.25,378.95,1985627,2427024
2024-07-15,378.35,379.95,372.6,379.95,2282195,2422498
2024-07-16,382.7,385.0,378.0,378.0,1070501,2380248
2024-07-18,382.05,386.1,379.5,385.0,1587994,2355490
2024-07-19,374.3,382.9,372.2,382.05,1723735,2335748
2024-07-22,378.3,379.3,367.2,374.3,1432388,2307518
2024-07-23,380.45,386.95,369.05,381.25,1352564,2277675
2024-07-24,382.7,387.1,376.6,376.6,1009803,2238054
2024-07-25,379.75,390.05,377.25,377.25,2504657,2246386
2024-07-26,397.0,398.75,380.2,382.0,3476015,2284812
2024-07-29,412.4,415.9,400.0,401.0,5657360,2390204
2024-07-30,406.15,413.5,403.55,412.8,1650289,2367081
2024-07-31,404.0,407.1,398.3,406.5,2074169,2357928
2024-08-01,407.05,412.55,402.15,409.0,3656001,2398493
2024-08-02,416.1,420.7,397.4,406.05,14404010,2773665
2024-08-05,406.1,425.6,401.4,405.0,16842737,3213323
2024-08-06,407.05,418.0,403.0,415.0,7082445,3334233
2024-08-07,409.9,412.9,404.05,411.0,3399523,3336274
2024-08-08,408.65,414.75,407.3,409.0,4445881,3370949
2024-08-09,398.7,413.55,395.05,413.55,2146198,3332675
2024-08-12,404.6,412.0,399.1,399.1,2715447,3313387
2024-08-13,408.1,411.4,402.1,407.9,1916788,3269743
2024-08-14,414.9,422.0,400.0,408.5,3696755,3283087
2024-08-16,416.55,421.95,410.0,419.95,2549670,3260168
2024-08-19,432.25,433.8,417.6,419.5,6420594,3358931
2024-08-20,438.2,441.8,432.15,435.05,5110672,3413673
2024-08-21,430.4,440.0,423.55,438.45,13306842,3722835
2024-08-22,421.2,432.45,419.0,431.0,1671242,3658723
2024-08-23,427.75,430.45,418.4,422.95,1968698,3605909
2024-08-26,430.9,431.95,421.3,429.2,2446954,3569692
2024-08-27,430.45,432.0,425.15,431.9,2091665,3523504
2024-08-28,421.05,430.0,420.0,430.0,973965,3443830
2024-08-29,416.9,424.5,415.6,421.0,1268547,3375853
2024-08-30,419.3,423.95,414.0,420.0,1705739,3323662
2024-09-02,416.05,423.95,415.0,423.35,594683,3238381
2024-09-03,425.1,427.7,417.7,418.95,1709216,3190595
2024-09-04,419.35,425.9,418.0,421.6,2522057,3169703
2024-09-05,418.05,422.95,417.0,422.95,2037424,3134319
2024-09-06,411.45,427.6,409.9,418.0,1607893,3086618
2024-09-09,408.85,411.95,398.5,411.45,1654685,3041870
2024-09-10,414.6,417.6,409.9,409.95,883505,2974421
2024-09-11,410.45,418.75,407.05,418.75,860260,2908354
2024-09-12,418.05,419.0,411.7,415.0,1602341,2867541
2024-09-13,413.8,422.75,412.0,418.05,581391,2796099
2024-09-16,421.35,429.9,414.75,414.75,4189673,2839648
2024-09-17,425.4,426.0,419.65,424.9,1342520,2792863
2024-09-18,426.0,427.9,423.05,425.4,2461770,2782516
2024-09-19,426.65,432.35,421.1,426.45,2686431,2779513
2024-09-20,431.85,433.0,425.15,427.5,2696667,2776924
2024-09-23,433.45,436.05,429.25,433.0,1137842,2725703
2024-09-24,431.25,435.6,429.3,435.0,785765,2665080
2024-09-25,437.75,447.65,431.95,434.9,4264856,2715073
2024-09-26,436.75,439.35,424.95,437.5,2131875,2696848
2024-09-27,430.45,443.9,426.0,443.9,2408247,2687829
2024-09-30,425.0,432.0,422.0,432.0,2292692,2675481
2024-10-01,419.35,428.45,418.0,425.0,2232403,2661635
2024-10-03,410.95,427.25,408.65,418.45,1407928,2622457
2024-10-04,408.15,419.5,403.2,411.0,872320,2567765
2024-10-07,404.05,411.95,398.35,410.95,1164276,2523906
2024-10-08,416.9,419.45,393.1,400.0,1131713,2480400
2024-10-09,414.75,427.3,412.4,418.4,3896722,2524660
2024-10-10,411.4,418.0,408.55,418.0,496556,2461282
2024-10-11,411.15,413.5,406.5,412.35,551575,2401603
2024-10-14,418.8,419.6,410.0,410.0,882544,2354133
2024-10-15,410.1,418.9,409.05,418.9,1073085,2314100
2024-10-16,408.55,410.95,401.4,410.05,902995,2270003
2024-10-17,399.45,408.2,398.05,407.0,710661,2221273
2024-10-18,396.7,400.45,394.8,399.25,1073891,2185418
2024-10-21,388.2,400.0,386.7,397.95,1406868,2161088
2024-10-22,378.85,388.4,372.0,388.05,2087760,2158796
2024-10-23,372.05,379.85,368.1,378.85,1251055,2130429
2024-10-24,367.9,375.95,363.55,372.05,802189,2088922
2024-10-25,361.15,371.75,354.9,368.0,3091512,2120253
2024-10-28,355.85,362.95,354.25,361.95,1648555,2105512
2024-10-29,354.0,359.9,350.15,359.0,914077,2068280
2024-10-30,354.35,357.2,348.25,354.05,1126987,2038865
2024-10-31,356.1,358.7,354.05,356.4,681891,1996459
2024-11-01,364.65,367.0,356.2,356.2,195211,1940170
2024-11-04,353.55,364.45,351.5,364.45,1238403,1918240
2024-11-05,353.9,355.5,347.4,355.15,1043677,1890910
2024-11-06,355.05,361.9,353.0,361.9,1090774,1865905
2024-11-07,353.9,357.6,351.85,352.6,889613,1835396
2024-11-08,346.85,353.2,345.7,351.55,686546,1799495
2024-11-11,343.75,345.85,340.15,344.25,643695,1763376
2024-11-12,340.0,348.2,337.05,341.5,1522754,1755856
2024-11-13,330.3,338.7,328.0,337.65,871368,1728216
2024-11-14,330.55,337.4,328.35,328.35,1408544,1718226
2024-11-18,327.3,345.0,325.5,338.95,4113456,1793077
2024-11-19,344.25,352.95,327.3,327.3,7769626,1979844
2024-11-21,346.35,349.75,340.5,344.3,3410004,2024537
2024-11-22,345.85,348.6,341.5,348.0,1614109,2011711
2024-11-25,343.85,353.8,338.15,345.2,4754258,2097416
2024-11-26,336.65,341.95,335.1,340.05,1842942,2089463
2024-11-27,347.1,353.75,335.15,336.0,3005958,2118104
2024-11-28,343.35,349.8,340.3,345.05,1251217,2091014
2024-11-29,335.95,344.35,333.95,340.05,3651373,2139775
2024-12-02,333.3,337.5,330.15,332.55,2574427,2153358
2024-12-03,341.15,342.9,331.05,331.05,4541844,2227998
2024-12-04,340.1,343.45,337.3,338.8,1734947,2212590
2024-12-05,333.3,340.95,332.25,340.0,1496554,2190214
2024-12-06,353.0,359.8,331.6,331.6,9706199,2425088
2024-12-09,371.1,373.1,349.05,352.25,8769393,2623348
2024-12-10,380.6,388.0,370.0,370.55,5127042,2701588
2024-12-11,379.45,381.95,369.0,381.95,3012413,2711302
2024-12-12,382.35,391.3,379.05,385.75,8404063,2889200
2024-12-13,390.6,392.9,376.8,380.0,8140865,3053315
2024-12-16,393.05,395.85,386.5,390.6,2307992,3030023
2024-12-17,383.1,402.85,381.5,396.05,3856758,3055859
2024-12-18,370.4,390.0,369.15,385.6,2440399,3036626
2024-12-19,358.6,367.5,356.0,360.0,2409187,3017018
2024-12-20,349.6,362.0,347.8,360.0,2051938,2986860
2024-12-23,359.1,361.0,348.0,348.0,2577980,2974082
2024-12-24,354.55,366.2,349.0,359.0,3165094,2980051
2024-12-26,350.95,355.6,346.3,353.7,2150563,2954130
2024-12-27,350.75,354.4,348.05,350.0,929755,2890868
2024-12-30,347.95,351.05,343.05,349.0,954340,2830351
2024-12-31,346.15,347.5,342.7,347.0,529784,2758459
2025-01-01,348.4,351.0,345.55,346.0,628531,2691898
2025-01-02,349.85,352.0,345.05,349.0,877205,2635189
2025-01-03,341.8,352.15,341.05,350.05,1183610,2589827
2025-01-06,337.55,344.45,332.55,343.6,1324051,2550272
2025-01-07,337.15,341.3,335.0,340.0,840178,2496831
2025-01-08,334.75,338.85,332.75,338.85,1335457,2460538
2025-01-09,336.35,341.7,334.15,336.1,890777,2411483
2025-01-10,333.85,342.3,332.2,336.0,1235334,2374729
2025-01-13,321.15,334.0,318.05,332.0,2182625,2368725
2025-01-14,324.0,328.6,318.6,319.55,1602282,2344774
2025-01-15,324.85,327.0,318.25,326.95,1214925,2309466
2025-01-16,332.25,335.35,323.05,327.95,1981836,2299228
2025-01-17,338.55,339.8,327.6,331.45,1620514,2278018
2025-01-20,345.2,346.9,330.85,345.0,2253240,2277244
2025-01-21,329.25,343.9,327.6,343.8,2071541,2270815
2025-01-22,322.3,330.6,312.35,330.3,2952508,2292118
2025-01-23,326.95,329.45,322.5,324.35,1559376,2269220
2025-01-24,321.75,331.25,319.05,327.0,1097225,2232595
2025-01-27,312.9,319.0,308.15,318.2,2810899,2250667
2025-01-28,311.45,319.6,306.55,313.85,958967,2210302
2025-01-29,323.45,324.95,308.05,312.0,956197,2171111
2025-01-30,322.6,326.25,316.75,324.0,1126870,2138478
2025-01-31,321.05,323.85,318.05,320.5,1627149,2122499
2025-02-01,320.85,326.15,313.55,321.95,705000,2078202
2025-02-03,323.35,330.8,314.35,318.55,1042101,2045824
2025-02-04,328.8,330.55,320.1,326.45,1450537,2027221
2025-02-05,328.35,332.5,325.65,328.5,1502457,2010822
2025-02-06,321.95,328.85,320.25,328.85,1169821,1984541
2025-02-07,315.1,324.7,307.3,324.7,5745752,2102079
2025-02-10,297.25,321.0,295.9,316.0,8218593,2293220
2025-02-11,284.15,297.3,283.05,297.25,3691557,2336918
2025-02-12,273.8,286.1,272.05,282.05,4878361,2416338
2025-02-13,281.8,287.8,273.35,273.35,5247095,2504799
2025-02-14,266.25,282.75,261.8,282.0,5959346,2612754
2025-02-17,267.35,271.1,261.0,265.0,2780471,2617995
2025-02-18,267.5,270.75,263.85,267.0,1537752,2584237
2025-02-19,276.0,278.35,264.2,266.1,1264216,2542987
2025-02-20,274.95,279.25,271.8,276.6,2776766,2550292
2025-02-21,273.35,281.85,272.45,275.6,1590673,2520304
2025-02-24,272.9,277.35,268.25,273.0,2205599,2510470
2025-02-25,261.9,273.55,260.45,271.45,3511048,2541738
2025-02-27,256.05,264.0,252.05,262.25,5041680,2619861
2025-02-28,249.85,255.35,243.6,254.95,5534878,2710955
2025-03-03,253.68,254.8,244.75,250.0,1811329,2682842
2025-03-04,247.19,255.0,245.05,252.01,2176792,2667028
2025-03-05,255.72,256.7,248.0,248.1,4103168,2711907
2025-03-06,260.99,265.69,256.2,257.0,1582609,2676616
2025-03-07,255.45,263.43,254.55,260.98,1203015,2630566
2025-03-10,250.82,259.61,250.25,255.65,1233134,2586897
2025-03-11,248.38,253.93,246.11,247.01,1098020,2540369
2025-03-12,240.29,251.09,237.65,250.99,2309916,2533168
2025-03-13,241.76,242.95,236.53,242.0,2372240,2528139
2025-03-17,242.4,249.75,241.77,242.5,1786577,2504965
2025-03-18,242.4,242.4,242.4,242.4,0,2426685
2025-03-19,260.96,261.9,252.5,252.9,3571575,2462462
2025-03-20,257.07,263.1,255.0,262.05,2153817,2452817
2025-03-21,263.62,265.82,257.93,259.6,2596901,2457320
2025-03-24,259.82,269.5,259.01,265.01,1616963,2431059
2025-03-25,257.2,262.89,250.7,261.45,3601892,2467647
2025-03-26,254.69,259.85,253.01,258.1,1525361,2438201
2025-03-27,252.92,256.0,249.85,253.75,5991936,2549255
2025-03-28,255.1,263.8,252.15,252.49,3313968,2573152
2025-04-01,260.75,263.95,253.35,255.1,3035758,2587609
2025-04-02,259.0,261.65,252.7,260.35,2626407,2588821
2025-04-03,263.55,265.3,256.5,257.65,2428693,2583817
2025-04-04,258.8,263.2,249.65,262.25,2425014,2578854
2025-04-07,268.35,271.3,238.5,244.6,24894586,3276221
2025-04-08,248.9,276.25,247.15,275.0,24061856,3925772
2025-04-09,243.35,252.0,239.55,252.0,9410341,4097165
2025-04-11,246.95,249.45,242.05,249.45,5351397,4136360
2025-04-15,258.6,259.4,247.35,249.9,5989813,4194280
2025-04-16,263.05,263.7,257.2,258.6,3579086,4175055
2025-04-17,281.05,282.8,262.2,263.0,17063440,4577817
2025-04-21,292.0,293.5,284.0,285.0,8984493,4715526
2025-04-22,294.0,303.5,292.5,292.95,7295416,4796147
2025-04-23,302.8,304.25,292.2,298.0,5647213,4822743
2025-04-24,300.7,303.5,297.25,303.0,2708140,4756662
2025-04-25,304.9,307.0,297.55,300.7,9317417,4899185
2025-04-28,304.35,309.9,299.05,308.5,4789531,4895759
2025-04-29,309.85,312.5,305.0,305.5,3788079,4861144
2025-04-30,305.55,310.8,304.75,309.85,2052252,4773366
2025-05-02,306.85,310.2,305.5,306.9,1208961,4661978
2025-05-05,305.65,309.0,304.0,307.1,1515769,4563659
2025-05-06,302.1,309.0,301.3,305.65,2944422,4513058
2025-05-07,304.5,308.8,298.0,298.0,2823501,4460259
2025-05-08,301.3,307.5,295.4,304.05,5785763,4501681
2025-05-09,300.2,303.6,295.5,295.5,3413184,4467666
2025-05-12,311.0,312.0,304.05,304.05,2658126,4411117
2025-05-13,318.7,320.4,311.25,312.0,2906144,4364087
2025-05-14,323.95,326.75,318.3,319.1,3166485,4326662
2025-05-15,324.1,326.9,322.15,324.45,2293265,4263118
2025-05-16,320.85,328.15,320.05,326.9,2114291,4195967
2025-05-19,351.25,367.7,332.3,335.85,44159054,5444814
2025-05-20,349.55,359.6,346.5,352.0,8770759,5548750
2025-05-21,348.1,352.55,340.55,350.45,2867468,5464960
2025-05-22,350.9,354.15,344.9,345.3,2255677,5364669
2025-05-23,354.5,362.8,347.75,350.9,3896077,5318776
2025-05-26,362.55,363.0,353.45,356.9,3205936,5252750
2025-05-27,363.05,370.0,360.6,364.0,3847695,5208842
2025-05-28,358.55,365.4,357.1,363.05,1802299,5102387
2025-05-29,360.15,362.0,358.1,359.9,963864,4973058
2025-05-30,358.0,373.55,356.9,361.75,4070536,4944855
2025-06-02,366.6,369.8,354.75,358.1,2986711,4883663
2025-06-03,369.7,375.7,367.15,368.7,3054798,4826510
2025-06-04,369.4,370.0,362.7,369.1,880400,4703195
2025-06-05,369.25,374.7,368.05,369.95,2064164,4620725
2025-06-06,367.05,373.75,365.0,370.25,1224117,4514581
2025-06-09,371.85,377.0,366.1,367.05,3064717,4469273
2025-06-10,366.5,374.65,365.6,373.0,1155614,4365721
2025-06-11,365.4,370.0,361.6,367.0,1584094,4278795
2025-06-12,357.6,369.45,356.05,365.0,2230187,4214776
2025-06-13,360.05,361.15,343.5,350.0,2074928,4147906
2025-06-16,365.3,365.7,353.65,360.1,1270461,4057985
2025-06-17,358.75,366.0,357.15,365.3,767727,3955165
2025-06-18,365.35,368.25,357.55,360.95,5011004,3988160
2025-06-19,355.25,366.5,352.75,365.8,1263970,3903029
2025-06-20,357.85,359.0,342.85,351.0,2845844,3869992
2025-06-23,360.55,362.55,355.1,355.15,1621291,3799720
2025-06-24,377.05,379.85,362.3,362.95,5337639,3847780
2025-06-25,388.15,392.0,380.25,380.65,6953356,3944829
2025-06-26,384.8,393.6,381.0,391.75,3051419,3916910
2025-06-27,382.65,390.7,381.25,389.5,3036867,3889409
2025-06-30,382.8,386.95,381.85,382.65,1926845,3828079
2025-07-01,383.95,385.8,380.85,384.25,1004697,3739848
2025-07-02,386.35,388.9,378.45,383.95,3494807,3732190
2025-07-03,388.85,394.4,384.7,386.4,2716340,3700445
2025-07-04,390.1,392.0,387.55,389.0,1304996,3625587
2025-07-07,396.1,397.6,388.6,389.7,1750206,3566981
2025-07-08,408.8,410.5,393.45,398.0,5250563,3619593
2025-07-09,421.3,424.1,409.15,412.8,9609855,3806789
2025-07-10,415.1,426.3,414.15,421.8,2592665,3768848
2025-07-11,411.25,415.6,407.65,414.0,3185846,3750629
2025-07-14,406.35,411.95,404.05,410.0,2160696,3700943
2025-07-15,417.55,418.5,404.8,405.0,2303665,3657278
2025-07-16,421.15,422.5,416.05,418.6,1243552,3581849
2025-07-17,425.3,426.5,417.3,420.0,1682721,3522502
2025-07-18,425.45,437.95,424.5,425.35,5440709,3582446
2025-07-21,433.1,433.9,422.25,425.45,1243336,3509348
2025-07-22,436.85,439.9,431.55,434.5,2920726,3490954
2025-07-23,444.2,445.8,435.05,436.85,2826300,3470184
2025-07-24,437.85,449.45,436.75,444.0,2222322,3431188
2025-07-25,425.35,440.6,424.35,435.5,2805781,3411644
2025-07-28,428.85,435.0,422.55,425.35,2621869,3386963
2025-07-29,421.95,430.55,413.85,428.75,2667730,3364487
2025-07-30,409.15,421.0,407.0,421.0,1742813,3313810
2025-07-31,425.25,429.25,404.1,406.95,6815743,3423245
2025-08-01,429.85,437.75,424.5,427.0,3932117,3439148
2025-08-04,461.6,463.95,440.0,440.0,24276110,4090303
2025-08-05,458.05,463.8,450.7,460.45,4729040,4110263
2025-08-06,454.8,465.85,452.9,458.7,2975433,4074800
2025-08-07,465.75,468.0,454.75,455.0,3974066,4071652
2025-08-08,464.65,467.95,461.25,466.05,2754570,4030493
2025-08-11,467.95,470.8,462.0,464.65,1969339,3966082
2025-08-12,463.6,469.2,462.15,469.0,1037660,3874569
2025-08-13,467.1,468.0,458.55,463.6,3126875,3851203
2025-08-14,464.1,474.1,460.65,468.2,1766754,3786064
2025-08-18,465.2,469.95,458.75,469.05,3466020,3776063
2025-08-19,471.7,473.4,464.35,465.2,2390920,3732777
2025-08-20,471.1,477.75,470.0,472.95,1943419,3676860
2025-08-21,471.95,474.0,463.45,471.0,3408989,3668489
2025-08-22,473.6,475.9,468.5,471.95,1833863,3611157
2025-08-25,476.85,480.7,470.6,473.6,2179640,3566422
2025-08-26,478.5,480.45,460.5,475.0,2980903,3548124
2025-08-28,469.15,479.85,468.0,477.95,2625093,3519279
2025-08-29,468.05,472.0,462.55,468.25,1657755,3461107
2025-09-01,473.75,477.35,459.05,466.95,3187938,3452570
2025-09-02,472.05,476.15,469.5,473.75,952073,3374430
2025-09-03,478.0,485.7,471.0,472.05,4594525,3412558
2025-09-04,470.65,482.95,468.9,482.7,2026918,3369256
2025-09-05,468.75,474.15,463.5,468.25,1438563,3308922
2025-09-08,474.4,477.5,465.5,468.75,1181128,3242429
2025-09-09,463.95,475.3,459.6,473.95,2295337,3212832
2025-09-10,464.35,468.75,460.9,466.15,1541289,3160596
2025-09-11,470.3,471.35,462.05,463.5,929476,3090874
2025-09-12,467.75,471.45,465.25,470.3,842774,3020621
2025-09-15,470.95,474.0,462.0,465.0,1261016,2965633
2025-09-16,475.6,481.95,471.8,475.0,2415360,2948437
2025-09-17,482.6,483.95,475.05,477.0,1918718,2916258
2025-09-18,484.5,489.1,481.2,485.0,2370758,2899211
2025-09-19,478.8,484.0,474.05,483.8,1573435,2857781
2025-09-22,467.9,478.55,466.25,478.0,1559712,2817216
2025-09-23,459.05,468.95,457.0,467.85,1903827,2788673
2025-09-24,456.0,464.7,453.5,458.7,1779887,2757148
2025-09-25,455.4,461.05,452.7,455.0,800966,2696017
2025-09-26,445.7,457.7,443.75,455.15,3445147,2719428
2025-09-29,439.9,447.8,438.7,444.5,2624608,2716465
2025-09-30,450.05,453.9,440.0,440.0,5196195,2793956
2025-10-01,434.45,451.0,433.45,450.95,3564731,2818043
2025-10-03,437.3,440.75,427.4,435.1,8230495,2987182
2025-10-06,462.6,464.7,440.0,441.0,12219680,3275697
2025-10-07,468.95,471.0,462.0,465.0,4836942,3324486
2025-10-08,467.3,471.5,461.05,470.2,2249868,3290905
2025-10-09,468.0,475.5,466.0,467.3,3354443,3292890
2025-10-10,464.85,471.2,461.7,468.9,2268735,3260885
2025-10-13,473.8,476.6,462.1,464.85,3831623,3278721
2025-10-14,469.35,476.1,463.6,476.1,1438117,3221202
2025-10-15,460.75,469.25,458.9,468.0,2640046,3203041
2025-10-16,446.8,462.85,445.95,461.4,1930676,3163279
2025-10-17,465.35,466.5,446.1,449.1,9255716,3353668
2025-10-20,474.9,479.0,462.45,463.15,2508121,3327245
2025-10-21,476.55,480.45,474.0,480.05,411477,3236127
2025-10-23,473.7,479.65,471.7,476.55,2373020,3209155
2025-10-24,466.9,475.15,462.3,473.7,2884349,3199005
2025-10-27,473.0,474.0,467.65,469.25,1108491,3133676
2025-10-28,475.8,479.7,468.2,471.0,1546264,3084069
2025-10-29,484.7,487.55,476.4,477.0,3065284,3083482
2025-10-30,475.3,484.4,471.2,484.05,1774643,3042581
2025-10-31,465.95,481.4,464.85,476.0,1787133,3003348
2025-11-03,472.25,474.5,462.1,466.8,1777980,2965055
2025-11-04,484.85,490.0,470.45,473.0,10002943,3184989
2025-11-06,442.6,470.0,436.4,470.0,20671252,3731435
2025-11-07,429.55,443.25,428.0,434.9,6553523,3819625
2025-11-10,427.6,430.75,423.05,429.95,3333571,3804436
2025-11-11,430.1,434.9,424.45,430.1,4395363,3822903
2025-11-12,431.4,434.45,422.3,431.0,4033398,3829481
2025-11-13,434.05,441.9,427.0,432.0,3731700,3826425
2025-11-14,436.4,439.85,433.1,434.05,1449477,3752145
2025-11-17,440.1,443.45,436.6,437.15,1277411,3674810
2025-11-18,435.85,440.1,427.4,439.95,2184154,3628227
2025-11-19,436.0,442.8,433.3,435.5,1730332,3568918
2025-11-20,426.0,437.3,425.0,436.0,1284089,3497517
2025-11-21,418.4,425.9,415.65,425.0,2415231,3463695
2025-11-24,405.85,418.3,404.35,418.0,6662176,3563648
2025-11-25,410.65,414.45,403.2,404.05,3134101,3550224
2025-11-26,419.4,420.5,410.9,411.25,1423515,3483765
2025-11-27,425.25,426.9,415.95,419.45,1455614,3420385
2025-11-28,426.2,428.35,420.9,425.7,1761233,3368536
2025-12-01,417.6,433.75,416.65,426.35,1770983,3318613
2025-12-02,409.1,417.95,407.6,416.95,2601047,3296189
2025-12-03,401.95,410.4,399.55,409.85,1786771,3249020
2025-12-04,401.6,403.7,397.35,400.0,1276192,3187369
2025-12-05,404.6,408.25,398.25,401.4,2152693,3155035
2025-12-08,398.05,408.7,393.35,404.0,1380859,3099592
2025-12-09,415.3,417.45,395.0,395.05,4147364,3132335
2025-12-10,404.65,415.95,400.1,415.95,2073458,3099245
2025-12-11,410.7,412.05,404.25,405.05,1679404,3054875
2025-12-12,412.3,413.4,409.05,410.7,937073,2988694
2025-12-15,407.25,415.4,406.5,414.95,1094530,2929501
2025-12-16,401.8,410.85,399.1,410.0,1528982,2885735
2025-12-17,399.8,404.75,396.45,399.95,1154427,2831631
2025-12-18,402.35,404.95,394.8,399.0,1100738,2777541
2025-12-19,405.95,407.45,399.5,403.0,2827513,2779103
2025-12-22,409.35,413.1,404.0,408.0,3452045,2800132
2025-12-23,412.1,413.5,407.3,410.0,1450947,2757970
2025-12-24,406.1,415.9,404.85,413.9,839638,2698022
2025-12-26,407.25,409.75,403.8,406.1,571527,2631569
2025-12-29,405.2,408.75,402.75,407.25,872556,2576600
2025-12-30,402.3,407.3,399.95,403.1,1244456,2534970
2025-12-31,403.85,406.5,399.35,402.95,1159237,2491979
2026-01-01,400.6,404.1,398.35,403.05,814894,2439570
2026-01-02,404.5,405.85,398.7,401.6,785695,2387886
2026-01-05,411.95,414.0,402.65,404.8,2234047,2383079
2026-01-06,414.25,417.0,411.95,414.85,2494935,2386574
2026-01-07,422.25,425.8,410.7,414.5,3071209,2407969
2026-01-08,417.45,423.2,412.0,423.0,2489450,2410515
2026-01-09,405.95,416.2,402.8,415.5,2838130,2423878
2026-01-12,395.4,406.0,382.95,406.0,3844603,2468276
2026-01-13,396.85,399.6,389.35,399.3,1735186,2445367
2026-01-14,403.65,405.8,392.15,394.55,1178602,2405780
2026-01-15,403.65,403.65,403.65,403.65,0,2330600
2026-01-16,401.45,409.0,400.4,403.65,709859,2279952
2026-01-19,401.5,404.5,398.05,400.0,670222,2229648
2026-01-20,384.85,403.75,383.6,401.05,1259227,2199322
2026-01-21,378.5,385.75,374.45,383.65,1923399,2190699
2026-01-22,389.85,391.75,378.4,380.0,2231569,2191976
2026-01-23,387.1,403.4,384.75,391.95,2222806,2192940
2026-01-27,400.35,403.95,380.7,388.0,2048706,2188432
2026-01-28,407.75,409.0,398.7,400.4,2643692,2202659
2026-01-29,411.8,413.7,399.5,405.2,2268170,2204707
2026-01-30,422.95,426.5,405.0,411.0,6406082,2335999
2026-02-02,439.9,450.45,432.8,444.15,7787791,2506368
2026-02-03,443.25,458.8,440.4,450.0,5937934,2613604
2026-02-04,448.3,450.0,441.3,443.25,2025637,2595230
2026-02-05,444.1,447.25,437.65,447.25,1397681,2557807
2026-02-06,436.1,444.65,430.0,441.0,1570916,2526967
2026-02-09,433.75,438.9,431.7,436.15,2043026,2511843
2026-02-10,435.95,443.6,428.2,433.95,5370727,2601184
2026-02-11,429.5,435.45,423.85,435.05,2494236,2597841
2026-02-12,429.55,431.3,421.95,428.05,1754451,2571485
2026-02-13,420.55,426.9,414.0,424.2,3032569,2585894
2026-02-16,418.1,422.0,415.95,420.55,1899792,2564454
2026-02-17,434.85,435.75,419.5,420.0,3217185,2584851
2026-02-18,432.2,438.55,430.05,438.55,1442525,2549154
2026-02-19,427.9,436.6,426.0,434.15,1413530,2513665
2026-02-20,430.95,433.9,426.05,427.9,1564744,2484012
2026-02-23,433.95,435.45,429.6,434.3,1095945,2440635
2026-02-24,436.75,439.75,427.6,433.95,2675306,2447968
2026-02-25,439.65,441.4,434.15,439.5,1851942,2429342
2026-02-26,442.35,446.7,438.05,441.4,2498925,2431517
2026-02-27,433.4,445.75,431.15,442.35,1104679,2390053
2026-03-02,427.9,434.3,410.05,410.05,1760668,2370385
2026-03-04,416.7,424.8,410.05,422.25,1090764,2330396
2026-03-05,428.1,429.75,413.75,418.55,1604071,2307699
2026-03-06,422.6,430.5,421.3,425.05,595318,2254187
2026-03-09,415.65,417.1,401.4,415.0,1170908,2220334
2026-03-10,425.85,427.7,415.95,415.95,755072,2174545
2026-03-11,417.95,429.75,416.5,424.85,889947,2134401
2026-03-12,408.2,415.0,403.8,415.0,1659934,2119574
2026-03-13,403.25,406.95,395.65,406.2,2207270,2122315
2026-03-16,401.25,405.75,392.45,402.4,1478001,2102180
2026-03-17,402.3,406.95,399.85,401.45,1801932,2092797
2026-03-18,422.55,425.8,402.75,402.75,3826912,2146988
2026-03-19,413.4,418.8,410.65,418.8,1890729,2138980
2026-03-20,422.85,429.0,415.05,415.05,2156599,2139531
2026-03-23,411.4,418.95,402.0,418.75,1377471,2115716
2026-03-24,418.9,420.85,405.1,420.0,842162,2075918
2026-03-25,430.35,432.85,419.2,419.6,2226545,2080625
2026-03-27,428.75,430.1,420.7,426.3,5301114,2181265
2026-03-30,416.7,423.7,411.45,423.7,1313323,2154142
2026-04-01,431.4,441.0,427.0,427.0,2796488,2174215
2026-04-02,426.25,428.65,415.55,425.0,1423697,2150761
2026-04-06,435.9,437.45,422.4,426.7,3332882,2187703
2026-04-07,442.0,447.7,430.2,432.0,3268452,2221476
2026-04-08,459.85,465.0,449.15,452.0,4701999,2298992
2026-04-09,469.85,474.95,457.05,459.85,4080774,2354673
2026-04-10,470.15,474.95,467.0,473.05,1862603,2339296
2026-04-13,465.3,473.5,453.85,458.0,1821873,2323126
2026-04-15,459.8,473.0,456.0,470.0,4332147,2385908
2026-04-16,459.75,466.6,454.85,463.9,3828989,2431004
2026-04-17,463.0,468.45,458.85,461.8,4967474,2510269
2026-04-20,464.5,474.5,458.25,465.8,3554997,2542917
2026-04-21,472.05,478.4,460.0,467.9,3772093,2581329
2026-04-22,462.7,474.15,452.45,472.0,4525910,2642097
2026-04-23,449.4,460.0,447.85,460.0,3195024,2659376
2026-04-24,449.7,451.85,441.65,445.0,4832080,2727273
2026-04-27,462.7,468.45,452.2,453.6,3708315,2757930
2026-04-28,463.95,466.55,461.1,462.7,606617,2690702
